3393070345751 63
8253321351086 19
7393375225205 37
2378681499559 17
1151402962294 84
2052090709934 59
6319399665687 90
2693600529831 89
0592473834513 84
4418046057459 69
2382400340558 89
0102084276360 93
6228879314658 100
0085833619445 81
1548232911163 65
1647880747398 33
4110218349646 38
2501832446063 79
4084109125612 67
3268573445841 42
8244440710463 95
1528848861023 23
4407092101905 71
6240904012460 42
7128442823270 54
2335641318201 34
9288415618015 32
9754381896523 70
6680639337121 43
8910059794761 85
8728142115054 73
0325711833517 52
1083501451467 18
6239169337291 84
9740985460852 63
9607024219915 61
6661727026451 97
9267528962555 2
9753538473906 67
2175503239975 10
7584408734223 31
9363213307777 71
6785456808796 77
3723597113949 73
4711176932471 46
0433120808960 64
8612946079847 39
0408097978026 84
2024613756161 97
1607971115611 40
2567658959266 43
7616486914904 62
5540964050775 5
7979302051887 1
5097264651568 18
1327314173995 6
2026509696800 54
0602758359765 59
1739930276506 45
1058101423525 88
4549190639264 3
0072866514423 71
7806008270929 72
6986144183654 21
9951657431202 46
3913918421811 39
5351293736920 63
7181149530886 58
3489208770062 27
7768811164931 49
1019845174254 60
1655291640543 73
4784336488232 98
2280612773289 53
0344451500523 69
4199433643784 73
0865490626513 92
1054606800819 10
2964861218607 94
8681933239015 87
0979553297307 57
9335508493254 5
5794957737211 34
8550838282918 97
2610589475614 75
5573371046442 68
4880214594808 70
0103059812140 95
1536928660421 84
9348663594597 49
7186134329016 96
5268146146553 46
7501599606261 87
5461031815833 95
2229120919147 9
9506824302274 44
1811264874803 82
6841692168817 1
6373343935105 95
0 0
