3576121540927 5
8067054516354 70
7687458325944 33
2484353567324 5
6168226260270 11
2394821293221 66
9044785622795 32
8850587532645 59
1058190840665 82
3958768608063 89
7912051883165 57
2863502340804 50
4550499399902 57
4020230148216 81
5673129350216 76
4163697337385 7
0002264993062 19
8248734570768 74
8412062491069 8
1592867434886 49
2404336790192 18
1273111078799 63
2204638156388 12
3432002290014 17
9195262008826 96
4457214390590 59
9160978398542 11
3916144852029 99
6854359991871 48
0322429812523 76
5246977565483 19
2791682805965 17
0463691577098 68
5046012945598 63
0788082427155 61
7546784030021 23
1787811740043 1
1234658523728 96
0778995624804 89
2015888030927 48
0197317879550 24
5097760598253 95
5550167106644 63
1752645581269 78
5630784643272 99
1392173227458 90
6828353434135 80
9171560746759 54
4105611188441 63
2925210197943 38
3575147378702 53
0519652847716 0
7771256266895 96
5400675950430 46
0605069805547 2
5271462020864 78
2095746335780 87
4090183338949 54
8660986341612 97
0528065811161 49
6605654470421 0
8005047119178 30
8080541212956 34
8063991304320 99
3392497161177 85
0406445481352 12
4549987665453 94
6308841715985 57
7630406715168 47
6181761135950 59
4985700692952 77
9638770645938 42
9629610922376 56
4317649106306 8
6229116839388 4
9613686924806 94
0340582126107 55
0962087713248 75
1478739688191 60
4688066353650 13
9342554997681 13
2541170940434 17
3013588863378 55
6703845073819 94
2427864529603 72
7949665851219 4
4864680611850 47
7329048282278 27
1288278554131 58
8688528995005 32
5412559457548 66
0367286366171 89
1007892445159 49
0935385041723 17
6005444332602 72
7246795212669 39
6301838352689 68
6214664008866 28
0098556350079 71
0 0
